1224
928
993
1343
1452
1127
458
1250
902
557
2167
2153
624
60
100
1795
1655
1833
2049
2181
1710
2041
1415
887
204
1838
1235
1702
1123
559
346
2111
1637
518
2090
1562
1029
1626
1569
306
2115
1434
1835
2123
1584
1324
1846
1091
1519
648
1624
728
1258
1606
106
1941
166
2070
1815
1802
770
592
1853
811
1878
2012
494
1632
549
465
1543
2016
1593
1429
428
452
1194
1157
2081
1792
773
522
1176
630
1245
236
151
735
161
1399
37
1331
766
1886
947
154
17
1869
1334
1400
1195
926
67
572
967
79
1928
1003
1814
1371
923
977
992
1015
1900
538
284
853
1722
1581
699
530
9
1427
243
429
2062
140
1767
595
16
1396
1155
584
512
366
150
1428
1133
1254
473
2040
1855
1682
1820
1115
1530
1515
1387
2091
413
1567
1481
477
87
543
216
1774
1411
575
295
228
205
607
1612
2172
329
1866
826
445
1100
1590
1907
1598
273
628
272
903
1347
745
1253
1777
1085
399
1256
1566
1442
1035
1121
1914
1126
1184
978
1346
1733
919
1125
876
570
1204
1613
1318
412
1287
317
1071
223
409
765
809
688
1034
370
1594
1236
48
2009
1447
1756
941
529
279
1555
165
471
175
321
247
848
155
576
59
379
1609
1364
324
1271
163
1457
655
2020
333
2182
772
720
2086
460
1725
2084
1603
339
215
1903
1730
1958
1448
962
1378
509
1320
1955
1961
1435
1146
1663
343
878
1827
1997
1660
74
1711
1475
313
2155
744
332
1175
250
1143
1342
2141
2064
424
1317
723
910
558
472
193
998
46
976
260
80
1672
689
1538
1439
1099
342
1862
996
774
1994
126
1547
208
93
685
810
302
1658
196
127
1851
880
1037
30
2051
1052
1147
718
1477
548
1009
638
1706
862
1213
66
1836
4
979
1905
1893
1750
1491
877
1532
1314
1872
604
132
26
420
1390
1094
294
96
101
1656
1401
265
352
1066
1683
889
1564
1806
697
307
515
550
194
334
277
2053
1634
1436
896
1084
13
908
1494
567
1968
1676
948
240
2152
886
2130
828
861
643
1747
1666
589
229
812
650
2072
2170
1865
613
568
1054
176
446
755
1031
1377
2148
2132
1739
72
1911
1850
51
1721
1628
857
808
380
1474
395
2071
1705
661
1022
2052
2145
2014
943
1484
796
1987
1749
1050
925
1471
191
1016
2068
1894
1787
183
1365
1160
463
724
400
751
2119
722
1350
684
1746
1495
831
172
300
1132
870
1728
1929
1583
858
1101
168
160
2055
2088
866
1440
611
1599
1913
263
565
450
2015
949
14
184
282
675
1884
1605
299
513
1918
316
1104
1453
81
1857
1608
497
931
2039
616
487
1282
1952
1142
1524
986
847
1297
911
2078
1106
337
1090
1414
1058
0
1784
1087
1661
1237
1759
1693
382
1060
1536
1742
188
2031
36
422
806
1272
917
833
1433
1242
1719
297
331
1007
1716
678
99
582
659
968
170
2187
1537
1192
103
1501
1211
29
881
1946
1639
1308
753
2135
1718
781
1358
1642
1712
425
308
670
349
456
1225
255
1788
2105
464
1557
336
1549
739
417
372
119
498
2112
727
38
210
938
546
440
1664
1770
1219
1368
930
145
706
1916
635
560
1193
1260
2136
1665
1409
397
1618
680
1578
1482
1896
1402
1305
1024
377
1130
1163
1981
493
1908
58
1382
467
1868
1226
42
431
1506
1145
609
516
408
767
983
1526
43
407
1348
224
551
1973
1988
1179
1128
795
1277
1419
1867
776
1408
798
206
533
1794
1757
2042
1974
990
1552
1096
1922
598
1870
2166
129
249
1937
491
695
1616
2002
1780
1653
1463
1687
2124
536
804
671
1738
383
2036
1614
1038
159
520
2024
1333
2142
97
569
2191
1575
511
1707
956
819
1222
289
22
1286
356
1645
1715
1188
885
784
820
1633
1647
1933
1731
1199
932
1283
1892
683
1137
1117
864
1729
1611
1804
1426
1275
1181
134
2033
1441
1967
1595
1388
1540
1999
884
95
1808
1591
840
1563
1259
883
1819
251
1561
1985
1302
1902
341
563
2023
934
2083
232
1522
1412
999
432
629
1930
651
1027
483
1059
207
2143
7
952
1021
2134
899
419
1954
230
693
187
385
2044
1773
593
256
1383
2095
1425
913
1503
715
1498
1344
85
442
1714
246
637
1588
732
1556
1766
964
2120
935
1240
2021
690
1831
647
1891
1502
1478
481
2073
743
961
2019
218
1114
687
606
375
726
682
1112
1017
898
973
845
1203
813
562
1589
507
347
1108
1110
65
345
777
817
1798
842
621
537
991
822
780
1528
1727
1081
77
929
969
2131
1268
124
1983
1074
1859
1361
492
76
1244
15
226
1389
2080
2011
1560
2147
936
965
381
2045
894
524
793
1948
1011
1875
39
363
391
1674
201
1281
677
1877
2176
505
2097
1667
1881
985
612
988
1209
1055
1374
373
290
1651
1367
427
144
1887
296
362
158
5
2193
2164
1206
519
133
1888
553
269
1294
107
1966
1311
644
1229
480
148
167
823
2146
353
2061
711
1822
521
633
371
186
1640
757
1046
1897
439
1735
1296
298
291
454
1993
1398
814
778
192
871
1889
1325
462
484
2050
1191
712
922
1032
1779
1089
1695
1385
510
1298
1252
963
1354
1151
1079
44
950
1799
1775
1339
1610
348
21
2121
344
499
1056
1842
268
1220
1014
794
2022
827
1288
2027
762
937
564
1748
274
267
2017
1313
867
1698
1197
800
3
531
914
2126
779
1488
130
173
944
1607
500
1379
756
1796
433
143
94
1824
1516
741
1185
1349
453
1289
1424
444
1604
1138
2076
667
12
1797
1704
1161
872
1002
1713
1529
905
2035
1041
1508
1936
25
314
2043
1384
2007
1097
1397
701
602
1336
1005
891
1659
45
1527
2038
760
123
1935
1301
2150
901
803
869
360
1462
596
1517
1001
1196
987
714
1230
610
393
1455
1360
404
716
1182
1652
542
242
1675
1473
900
40
1832
1306
1689
392
2185
495
476
541
907
1045
2028
1544
1025
1295
1786
1092
1860
2098
451
1044
1469
200
2025
104
2082
1423
945
966
957
2192
1420
2149
489
1638
469
2059
1395
1214
1573
1312
1391
1848
1335
47
1673
2066
738
535
1403
1772
1813
2047
1669
860
1793
2102
1248
1523
674
1841
110
1369
149
2154
517
1641
1505
1809
153
157
286
975
504
73
147
227
320
361
1539
115
23
1504
2174
1098
357
1120
1631
1880
649
554
707
1545
136
2087
482
1939
189
1510
365
1243
1899
1812
1063
2065
1431
1720
698
801
2079
618
1480
63
1113
583
958
1393
1451
388
1315
338
1212
1140
1039
1261
278
713
496
1190
56
1839
1692
1685
506
1942
2103
617
1723
2138
2054
35
729
2133
641
1901
620
203
1020
378
1227
1858
933
1694
622
1582
2137
443
1596
1013
2190
1621
426
1953
574
237
1216
1990
1136
1817
1938
1553
892
579
326
1513
915
700
270
2063
1026
1840
1460
1944
1418
112
1319
211
875
1535
686
2128
1699
733
1373
368
1357
2156
105
631
403
198
1255
532
1321
19
1487
1154
468
2093
2008
1040
1247
953
310
1329
815
768
1837
2109
626
879
951
53
1579
1102
1823
1803
1158
523
1394
850
710
1486
1073
171
1778
1134
1871
139
358
252
1380
1972
581
1173
209
1207
28
1570
1496
1174
1818
1791
138
6
1006
1293
2096
2160
1
354
556
1917
1264
178
2175
146
742
253
601
1458
754
54
1500
1443
405
1915
88
1574
1290
1546
1086
199
179
271
634
527
787
2004
414
402
851
2104
1978
2101
890
1945
1650
1466
50
1991
390
1943
355
1497
304
1171
1198
62
1668
84
2180
1376
1785
2114
2168
1932
692
305
396
1926
394
528
2092
1438
1201
525
447
719
1366
783
1238
585
1042
758
190
1816
1362
2186
1139
1018
1180
702
1541
2122
301
954
1472
868
288
1166
479
2094
816
734
508
1910
1861
1109
1921
1783
1323
526
895
1520
2006
1278
1949
750
1234
90
2074
109
605
1863
1036
430
1923
1734
1485
217
594
261
1781
1345
704
1489
244
501
1572
1511
195
1768
1980
1821
980
970
1000
2100
1619
364
503
1047
416
1392
652
114
1153
2058
108
859
231
470
1162
1577
832
1580
1437
2189
102
2113
1962
1597
1826
924
2060
448
1885
797
1931
1963
1077
1690
703
2067
328
71
782
1810
311
960
730
1559
588
1602
909
120
1111
1882
234
912
1874
111
1008
180
836
731
824
1691
1341
752
2037
254
1736
441
590
1644
1771
2184
312
679
1405
1263
1430
1065
696
846
1148
182
1636
1629
61
325
1470
1585
1678
1033
117
821
152
241
2057
681
746
1601
1183
141
245
1280
319
2183
571
608
1849
1509
849
2177
834
959
2110
2048
1202
1688
1303
116
1049
1164
660
276
514
287
1273
2129
1648
1062
805
1355
1172
1873
1843
1051
2106
1337
1919
1701
197
835
2188
121
939
802
1760
1043
1765
1732
2046
10
614
1322
350
1924
1879
1326
1450
70
1088
1807
1763
654
225
830
663
262
1177
1053
1751
534
591
1940
545
2178
122
893
1934
705
49
1717
1352
600
1118
2108
384
1069
974
1010
32
1316
873
214
737
259
1241
1122
1876
790
1776
1262
78
1548
921
1996
1646
1483
1964
748
457
1623
829
1568
1449
1267
461
668
1979
1989
2169
1307
791
1075
882
113
1413
2026
1274
1521
1764
2032
91
1927
1970
1743
235
135
174
1186
1124
1078
1189
619
398
248
855
322
1829
1615
995
1950
33
2013
632
1755
763
1233
415
83
1811
904
1150
844
971
18
1600
1269
865
1856
1904
1454
68
1677
2165
906
1745
2001
1072
2161
1995
625
2163
1709
1023
1215
1493
1909
920
1845
1542
257
1565
275
721
1251
1231
2127
2171
1432
1982
438
1284
972
578
1741
673
330
486
1992
1310
577
1061
1082
1947
2179
1149
406
1228
41
2151
264
627
280
856
639
266
662
1883
597
1467
411
838
1576
837
1135
1587
219
547
1507
1030
1012
1070
1116
761
125
1852
2117
1769
1801
89
1210
1422
1279
2077
239
1076
1285
1232
642
1064
1744
488
2144
1410
423
474
2125
599
1654
142
1854
34
1758
916
1407
955
852
1144
2162
603
775
759
435
1554
1684
2099
137
1998
676
691
1416
437
1328
55
162
1890
222
1465
387
1332
1679
1340
1592
2056
233
540
1417
1276
825
351
1906
1960
789
1266
318
52
717
1643
2158
1761
1363
258
1080
658
1359
1028
555
2030
1093
475
1754
1620
1965
292
785
1168
1131
1479
1330
1681
1370
1550
807
740
1178
1844
1446
1187
1464
1959
1095
566
1670
1490
1834
213
1265
1299
1969
1208
1762
653
369
1724
2118
374
1165
1534
202
788
421
841
128
1984
1083
2089
2159
283
1353
940
1533
459
86
2010
1068
1156
1752
1825
24
1864
1518
1421
